1- 2,3,26
2 - 1,3,4,13
3 - 1,2,4,6
4 - 2,3,6,7,5,13
5 - 4,7,13
6 - 3,4,7,8
7 - 3,4,5,6,8
8 - 6,7,9
9 - 8,10,11
10 - 9, 11,12
11 - 9,10,12
12 - 10,11
13 - 2,5,14
13 - 2,4,5,14
14 - 13,17,15
15 - 14,17,19,16
16 - 15,19,20,21,22,23
17  - 15,19,18
18 - 17, 19, 20 ,33
19 - 15, 17, 18 , 20 ,16
20 - 18, 19, 16, 21 , 34
21 - 16, 20,21,34,29
22 - 16,23,30,21,29
23 - 16,22,24
24 - 23,30,27,28,25
25 - 24,27, 26
26 - 25,1 ,31
27 - 24,26,28,25
28 - 30,31
29 - 21,22,30,40
30 - 22,28,29,40
31 - 26,28
32 - 18,33,34,35
33 - 20,32,34,21
34 - 21,32,33,35,37
35 - 32,34,36
36 - 35,34,37
37 - 34,36
38 - 29,30,39
39 - 38,40,41
40 - 39,41,42
41 - 39,40,42
42 - 41,40
02 29 28

